[gd_scene load_steps=8 format=3 uid="uid://ct42gfdxjw53n"]

[ext_resource type="Script" path="res://scripts/Standard_Material.gd" id="1_to1q2"]

[sub_resource type="Animation" id="Animation_6cjlo"]
resource_name = "takeDamage"
length = 0.1
step = 0.01
tracks/0/type = "value"
tracks/0/imported = false
tracks/0/enabled = true
tracks/0/path = NodePath("graphics:position")
tracks/0/interp = 1
tracks/0/loop_wrap = true
tracks/0/keys = {
"times": PackedFloat32Array(0, 0.03, 0.06, 0.09, 0.1),
"transitions": PackedFloat32Array(1, 1, 1, 1, 1),
"update": 0,
"values": [Vector3(0, 0.455055, 0), Vector3(-0.0244533, 0.406525, 0.0298635), Vector3(-0.0796587, 0.397293, -0.138401), Vector3(0.129969, 0.566145, -0.0527025), Vector3(0, 0.455055, 0)]
}

[sub_resource type="Animation" id="Animation_trne4"]
length = 0.001
tracks/0/type = "value"
tracks/0/imported = false
tracks/0/enabled = true
tracks/0/path = NodePath("graphics:position")
tracks/0/interp = 1
tracks/0/loop_wrap = true
tracks/0/keys = {
"times": PackedFloat32Array(0),
"transitions": PackedFloat32Array(1),
"update": 0,
"values": [Vector3(0, 0.455055, 0)]
}

[sub_resource type="AnimationLibrary" id="AnimationLibrary_nku0e"]
_data = {
"RESET": SubResource("Animation_trne4"),
"takeDamage": SubResource("Animation_6cjlo")
}

[sub_resource type="SphereShape3D" id="SphereShape3D_a2mc0"]
radius = 0.705855

[sub_resource type="StandardMaterial3D" id="StandardMaterial3D_2mmno"]
albedo_color = Color(0.529412, 0.490196, 0.494118, 1)
emission_enabled = true
emission = Color(0.145098, 0.145098, 0.12549, 1)

[sub_resource type="BoxMesh" id="BoxMesh_1m3m7"]
material = SubResource("StandardMaterial3D_2mmno")
size = Vector3(0.675, 1, 0.635)

[node name="MagicSandDeposit" type="StaticBody3D"]
collision_layer = 36
collision_mask = 36
script = ExtResource("1_to1q2")
item = [0, "Magic Salt", "Magic Salt", 0, 10]
dropMin = 3
dropMax = 4

[node name="AnimationPlayer" type="AnimationPlayer" parent="."]
libraries = {
"": SubResource("AnimationLibrary_nku0e")
}

[node name="CollisionShape3D" type="CollisionShape3D" parent="."]
transform = Transform3D(1, 0, 0, 0, 1, 0, 0, 0, 1, 0, 0.5, 0)
shape = SubResource("SphereShape3D_a2mc0")

[node name="graphics" type="Node3D" parent="."]
transform = Transform3D(1, 0, 0, 0, 1, 0, 0, 0, 1, 0, 0.455055, 0)

[node name="MeshInstance3D" type="MeshInstance3D" parent="graphics"]
mesh = SubResource("BoxMesh_1m3m7")

[node name="MeshInstance3D2" type="MeshInstance3D" parent="graphics"]
transform = Transform3D(0.794987, -0.303313, -0.525354, 0, 0.866025, -0.5, 0.606627, 0.397493, 0.688479, -0.196939, -0.222495, 0.19803)
mesh = SubResource("BoxMesh_1m3m7")

[node name="MeshInstance3D3" type="MeshInstance3D" parent="graphics"]
transform = Transform3D(0.922848, 0.192583, 0.333563, 0, 0.866025, -0.5, -0.385165, 0.461424, 0.79921, 0.299664, -0.222495, -0.110331)
mesh = SubResource("BoxMesh_1m3m7")

[node name="MeshInstance3D4" type="MeshInstance3D" parent="graphics"]
transform = Transform3D(-0.553203, -0.416523, -0.72144, 1.37515e-08, 0.866025, -0.5, 0.833047, -0.276601, -0.479087, -0.224583, -0.222495, -0.365053)
mesh = SubResource("BoxMesh_1m3m7")
